0.0000000000000000 2.0000000000000000
0.1250000000000000 1.7500000000000002
0.2500000000000000 1.5859375000000002
0.3750000000000000 1.4697799682617188
0.5000000000000000 1.3834708199065064
0.6250000000000000 1.3171557337032220
0.7500000000000000 1.2649377970627158
0.8750000000000000 1.2230465678908207
1.0000000000000000 1.1889470254734837
1.1250000000000000 1.1608660249848888
1.2500000000000000 1.1375230371124727
1.3750000000000000 1.1179685842563336
1.5000000000000000 1.1014829378653614
1.6250000000000000 1.0875102222974682
1.7500000000000000 1.0756141896344655
1.8750000000000000 1.0654477277208978
2.0000000000000000 1.0567313361228068
2.1250000000000000 1.0492376135451711
2.2500000000000000 1.0427798690285719
2.3750000000000000 1.0372036207507376
2.5000000000000000 1.0323801544822748
2.6250000000000000 1.0282015758714536
2.7500000000000000 1.0245769627773176
2.8750000000000000 1.0214293390427331
3.0000000000000000 1.0186932695909157
3.1250000000000000 1.0163129311010513
3.2500000000000000 1.0142405507482815
3.3750000000000000 1.0124351327440446
3.5000000000000000 1.0108614120852435
3.6250000000000000 1.0094889892905274
3.7500000000000000 1.0082916105144921
3.8750000000000000 1.0072465653495650
4.0000000000000000 1.0063341805921988
4.1250000000000000 1.0055373927877023
4.2500000000000000 1.0048413858493788
4.3750000000000000 1.0042332827410887
4.5000000000000000 1.0037018823131070
4.6250000000000000 1.0032374340323860
4.7500000000000000 1.0028314446559485
4.8750000000000000 1.0024765119390999
5.0000000000000000 1.0021661813077893
