0.0000000000000000 2.0000000000000000
0.0625000000000000 1.8750000000000000
0.1250000000000000 1.7724609374999998
0.1875000000000000 1.6868886351585386
0.2500000000000000 1.6144695956417574
0.3125000000000000 1.5524669406661384
0.3750000000000000 1.4988615243414420
0.4375000000000000 1.4521287527908351
0.5000000000000000 1.4110944301726456
0.5625000000000000 1.3748386138794195
0.6250000000000000 1.3426297013585156
0.6875000000000000 1.3138781505077941
0.7500000000000000 1.2881032977656697
0.8125000000000000 1.2649091222688493
0.8750000000000000 1.2439662494357180
0.9375000000000000 1.2249983881670024
1.0000000000000000 1.2077719717392053
1.0625000000000000 1.1920881489904802
1.1250000000000000 1.1777765236171636
1.1875000000000000 1.1646902101192531
1.2500000000000000 1.1527018929049795
1.3125000000000000 1.1417006578423705
1.3750000000000000 1.1315894244501625
1.4375000000000000 1.1222828493828321
1.5000000000000000 1.1137056028430812
1.5625000000000000 1.1057909424080192
1.6250000000000000 1.0984795257890445
1.6875000000000000 1.0917184168647520
1.7500000000000000 1.0854602490611940
1.8125000000000000 1.0796625176092693
1.8750000000000000 1.0742869779641995
1.9375000000000000 1.0692991321479961
2.0000000000000000 1.0646677882814670
2.0625000000000000 1.0603646813362992
2.1250000000000000 1.0563641453307284
2.1875000000000000 1.0526428289426288
2.2500000000000000 1.0491794479187719
2.3125000000000000 1.0459545687927490
2.3750000000000000 1.0429504193436441
2.4375000000000000 1.0401507219770543
2.5000000000000000 1.0375405468237835
2.5625000000000000 1.0351061818563076
2.6250000000000000 1.0328350177400054
2.6875000000000000 1.0307154454818810
2.7500000000000000 1.0287367652273165
2.8125000000000000 1.0268891047958761
2.8750000000000000 1.0251633467488386
2.9375000000000000 1.0235510629508111
3.0000000000000000 1.0220444557310033
3.0625000000000000 1.0206363048710358
3.1250000000000000 1.0193199197491756
3.1875000000000000 1.0180890960586575
3.2500000000000000 1.0169380765927278
3.3125000000000000 1.0158615156532660
3.3750000000000000 1.0148544466950107
3.4375000000000000 1.0139122528649092
3.5000000000000000 1.0130306401371163
3.5625000000000000 1.0122056127796475
3.6250000000000000 1.0114334509194616
3.6875000000000000 1.0107106899994998
3.7500000000000000 1.0100341019445145
3.8125000000000000 1.0094006778728677
3.8750000000000000 1.0088076122092842
3.9375000000000000 1.0082522880691520
4.0000000000000000 1.0077322637986816
4.0625000000000000 1.0072452605672984
4.1250000000000000 1.0067891509192992
4.1875000000000000 1.0063619482012052
4.2500000000000000 1.0059617967895726
4.3125000000000000 1.0055869630514145
4.3750000000000000 1.0052358269759423
4.4375000000000000 1.0049068744221883
4.5000000000000000 1.0045986899322643
4.5625000000000000 1.0043099500646795
4.6250000000000000 1.0040394172062896
4.6875000000000000 1.0037859338251862
4.7500000000000000 1.0035484171301789
4.8125000000000000 1.0033258541055348
4.8750000000000000 1.0031172968923430
4.9375000000000000 1.0029218584903266
5.0000000000000000 1.0027387087561161
