0.0000000000000000 1.5000000000000000
0.2500000000000000 1.3125000000000000
0.5000000000000000 1.2099609375000000
0.7500000000000000 1.1464498043060303
1.0000000000000000 1.1044754669342041
1.2500000000000000 1.0756278194028730
1.5000000000000000 1.0552909727852464
1.7500000000000000 1.0407039566710501
2.0000000000000000 1.0301137644811178
2.2500000000000000 1.0223586136580323
2.5000000000000000 1.0166439833423468
2.7500000000000000 1.0124137319613853
3.0000000000000000 1.0092717737857366
3.2500000000000000 1.0069323388920188
3.5000000000000000 1.0051872398383859
3.7500000000000000 1.0038837030145040
4.0000000000000000 1.0029090064736017
4.2500000000000000 1.0021796392755353
4.5000000000000000 1.0016335417498086
4.7500000000000000 1.0012244891976942
5.0000000000000000 1.0009179920548219
