0.0000000000000000 1.5000000000000000
0.1250000000000000 1.4062500000000000
0.2500000000000000 1.3348388671875000
0.3750000000000000 1.2789693754166365
0.5000000000000000 1.2343702144370134
0.6250000000000000 1.1982077629554804
0.7500000000000000 1.1685210029240685
0.8750000000000000 1.1439059615052432
1.0000000000000000 1.1233291005974944
1.1250000000000000 1.1060117046410340
1.2500000000000000 1.0913554313707927
1.3750000000000000 1.0788927755943258
1.5000000000000000 1.0682531698899127
1.6250000000000000 1.0591392117536711
1.7500000000000000 1.0513096294886066
1.8750000000000000 1.0445668410427487
2.0000000000000000 1.0387477104973388
2.1250000000000000 1.0337165735515734
2.2500000000000000 1.0293599009411192
2.3750000000000000 1.0255821628505704
2.5000000000000000 1.0223025866122351
2.6250000000000000 1.0194525876145060
2.7500000000000000 1.0169737137670805
2.8750000000000000 1.0148159861763144
3.0000000000000000 1.0129365487234780
3.1250000000000000 1.0112985608464340
3.2500000000000000 1.0098702835559796
3.3750000000000000 1.0086243202992979
3.5000000000000000 1.0075369828993075
3.6250000000000000 1.0065877592729910
3.7500000000000000 1.0057588645423374
3.8750000000000000 1.0050348609094433
4.0000000000000000 1.0044023345677155
4.1250000000000000 1.0038496201780454
4.2500000000000000 1.0033665652088504
4.3750000000000000 1.0029443278375809
4.5000000000000000 1.0025752032245814
4.6250000000000000 1.0022524738625529
4.7500000000000000 1.0019702804249209
4.8750000000000000 1.0017235101211868
5.0000000000000000 1.0015077000451464
