0.0000000000000000 1.5000000000000000
0.0625000000000000 1.4531249999999998
0.1250000000000000 1.4119720458984373
0.1875000000000000 1.3756162326171759
0.2500000000000000 1.3433222459407574
0.3125000000000000 1.3144977202845971
0.3750000000000000 1.2886598117627968
0.4375000000000000 1.2654107930946885
0.5000000000000000 1.2444199379580734
0.5625000000000000 1.2254098727062297
0.6250000000000000 1.2081461549925003
0.6875000000000000 1.1924292189405841
0.7500000000000000 1.1780880799879174
0.8125000000000000 1.1649753647240610
0.8750000000000000 1.1529633499934424
0.9375000000000000 1.1419407789662761
1.0000000000000000 1.1318102812350368
1.0625000000000000 1.1224862667678932
1.1250000000000000 1.1138931947482291
1.1875000000000000 1.1059641413383425
1.2500000000000000 1.0986396075515981
1.3125000000000000 1.0918665213185021
1.3750000000000000 1.0855973976273980
1.4375000000000000 1.0797896281206494
1.5000000000000000 1.0744048773158816
1.5625000000000000 1.0694085671231146
1.6250000000000000 1.0647694348535399
1.6875000000000000 1.0604591526944904
1.7500000000000000 1.0564519988295513
1.8125000000000000 1.0527245721419638
1.8750000000000000 1.0492555438513691
1.9375000000000000 1.0460254405731528
2.0000000000000000 1.0430164542135838
2.0625000000000000 1.0402122748669156
2.1250000000000000 1.0375979434971101
2.1875000000000000 1.0351597216938400
2.2500000000000000 1.0328849762111256
2.3125000000000000 1.0307620763441550
2.3750000000000000 1.0287803024888327
2.4375000000000000 1.0269297644700714
2.5000000000000000 1.0252013284272912
2.5625000000000000 1.0235865512159290
2.6250000000000000 1.0220776214275422
2.6875000000000000 1.0206673062528273
2.7500000000000000 1.0193489035152912
2.8125000000000000 1.0181161982913827
2.8750000000000000 1.0169634236081380
2.9375000000000000 1.0158852247738475
3.0000000000000000 1.0148766269525997
3.0625000000000000 1.0139330056412192
3.1250000000000000 1.0130500597482557
3.1875000000000000 1.0122237870102750
3.2500000000000000 1.0114504615115782
3.3125000000000000 1.0107266131003028
3.3750000000000000 1.0100490085172460
3.4375000000000000 1.0094146340741570
3.5000000000000000 1.0088206797361001
3.5625000000000000 1.0082645244781561
3.6250000000000000 1.0077437228004682
3.6875000000000000 1.0072559922977633
3.7500000000000000 1.0067992021901391
3.8125000000000000 1.0063713627313540
3.8750000000000000 1.0059706154192034
3.9375000000000000 1.0055952239399730
4.0000000000000000 1.0052435657855410
4.0625000000000000 1.0049141244875606
4.1250000000000000 1.0046054824183706
4.1875000000000000 1.0043163141129532
4.2500000000000000 1.0040453800704234
4.3125000000000000 1.0037915209972774
4.3750000000000000 1.0035536524579804
4.4375000000000000 1.0033307599014947
4.5000000000000000 1.0031218940350561
4.5625000000000000 1.0029261665189673
4.6250000000000000 1.0027427459583758
4.6875000000000000 1.0025708541700153
4.7500000000000000 1.0024097627036919
4.8125000000000000 1.0022587895999431
4.8750000000000000 1.0021172963667930
4.9375000000000000 1.0019846851598744
5.0000000000000000 1.0018603961514332
