0.0000000000000000 0.5000000000000000
0.2500000000000000 0.5625000000000000
0.5000000000000000 0.6240234375000000
0.7500000000000000 0.6826779842376709
1.0000000000000000 0.7368351727563862
1.2500000000000000 0.7853124479927494
1.5000000000000000 0.8274616497478455
1.7500000000000000 0.8631538667339503
2.0000000000000000 0.8926836840029954
2.2500000000000000 0.9166335650824543
2.5000000000000000 0.9357376831941253
2.7500000000000000 0.9507708510552794
3.0000000000000000 0.9624722610150042
3.2500000000000000 0.9715021129629217
3.5000000000000000 0.9784235523307967
3.7500000000000000 0.9837012784745920
4.0000000000000000 0.9877095467751033
4.2500000000000000 0.9907443962712090
4.5000000000000000 0.9930368806533107
4.7500000000000000 0.9947655392322239
5.0000000000000000 0.9960673045292856
