0.0000000000000000 0.5000000000000000
0.1250000000000000 0.5312500000000000
0.2500000000000000 0.5623779296875000
0.3750000000000000 0.5931415539234877
0.5000000000000000 0.6233071352900774
0.6250000000000000 0.6526565540883967
0.7500000000000000 0.6809935511501287
0.8750000000000000 0.7081487179553870
1.0000000000000000 0.7339829818570781
1.1250000000000000 0.7583894773822368
1.2500000000000000 0.7812938371295036
1.3750000000000000 0.8026530592786237
1.5000000000000000 0.8224531999922851
1.6250000000000000 0.8407061917191270
1.7500000000000000 0.8574461030846582
1.8750000000000000 0.8727251385083572
2.0000000000000000 0.8866096348988479
2.1250000000000000 0.8991762586742704
2.2500000000000000 0.9105085479881219
2.3750000000000000 0.9206938894917074
2.5000000000000000 0.9298209709097497
2.6250000000000000 0.9379777125305248
2.7500000000000000 0.9452496529463410
2.8750000000000000 0.9517187462652363
3.0000000000000000 0.9574625180493066
3.1250000000000000 0.9625535236218051
3.2500000000000000 0.9670590533449367
3.3750000000000000 0.9710410334310031
3.5000000000000000 0.9745560765340348
3.6250000000000000 0.9776556428121127
3.7500000000000000 0.9803862786733311
3.8750000000000000 0.9827899065811296
4.0000000000000000 0.9849041448440528
4.1250000000000000 0.9867626411331850
4.2500000000000000 0.9883954075328157
4.3750000000000000 0.9898291482704226
4.5000000000000000 0.9910875739585067
4.6250000000000000 0.9921916982964502
4.7500000000000000 0.9931601148124571
4.8750000000000000 0.9940092524572277
5.0000000000000000 0.9947536097680590
