0.0000000000000000 0.5000000000000000
0.0625000000000000 0.5156250000000000
0.1250000000000000 0.5312347412109375
0.1875000000000000 0.5467987656447804
0.2500000000000000 0.5622868828656632
0.3125000000000000 0.5776694043795931
0.3750000000000000 0.5929173708560506
0.4375000000000000 0.6080027684931255
0.5000000000000000 0.6228987311179893
0.5625000000000000 0.6375797249860886
0.6250000000000000 0.6520217136906356
0.6875000000000000 0.6662023011010457
0.7500000000000000 0.6801008507953406
0.8125000000000000 0.6936985810167652
0.8750000000000000 0.7069786347487709
0.9375000000000000 0.7199261250461169
1.0000000000000000 0.7325281562662543
1.0625000000000000 0.7447738223002179
1.1250000000000000 0.7566541832950017
1.1875000000000000 0.7681622226823251
1.2500000000000000 0.7792927865777048
1.3125000000000000 0.7900425077880586
1.3750000000000000 0.8004097167678094
1.4375000000000000 0.8103943418972772
1.5000000000000000 0.8199978014296619
1.5625000000000000 0.8292228893721734
1.6250000000000000 0.8380736574417633
1.6875000000000000 0.8465552950757601
1.7500000000000000 0.8546740092916947
1.8125000000000000 0.8624369059875043
1.8750000000000000 0.8698518740611422
1.9375000000000000 0.8769274735144834
2.0000000000000000 0.8836728284963576
2.0625000000000000 0.8900975260384579
2.1250000000000000 0.8962115210496251
2.1875000000000000 0.9020250479613465
2.2500000000000000 0.9075485392620763
2.3125000000000000 0.9127925510211606
2.3750000000000000 0.9177676953850008
2.4375000000000000 0.9224845799282948
2.5000000000000000 0.9269537536609705
2.5625000000000000 0.9311856594256460
2.6250000000000000 0.9351905923697504
2.6875000000000000 0.9389786641393045
2.7500000000000000 0.9425597724162089
2.8125000000000000 0.9459435754061410
2.8750000000000000 0.9491394708782652
2.9375000000000000 0.9521565793594647
3.0000000000000000 0.9550037310933365
3.0625000000000000 0.9576894563865329
3.1250000000000000 0.9602219789810704
3.1875000000000000 0.9626092121099921
3.2500000000000000 0.9648587569144279
3.3125000000000000 0.9669779029219262
3.3750000000000000 0.9689736303083413
3.4375000000000000 0.9708526136880546
3.5000000000000000 0.9726212271995001
3.5625000000000000 0.9742855506745276
3.6250000000000000 0.9758513767008625
3.6875000000000000 0.9773242184066059
3.7500000000000000 0.9787093178142635
3.8125000000000000 0.9800116546291261
3.8750000000000000 0.9812359553428892
3.9375000000000000 0.9823867025482151
4.0000000000000000 0.9834681443735064
4.0625000000000000 0.9844843039595088
4.1250000000000000 0.9854389889105633
4.1875000000000000 0.9863358006634063
4.2500000000000000 0.9871781437254741
4.3125000000000000 0.9879692347427366
4.3750000000000000 0.9887121113642734
4.4375000000000000 0.9894096408771405
4.5000000000000000 0.9900645285906723
4.5625000000000000 0.9906793259542475
4.6250000000000000 0.9912564383968153
4.6875000000000000 0.9917981328801700
4.7500000000000000 0.9923065451611437
4.8125000000000000 0.9927836867606123
4.8750000000000000 0.9932314516395261
4.9375000000000000 0.9936516225841239
5.0000000000000000 0.9940458773041277
