0.0000000000000000 0.1000000000000000
0.2500000000000000 0.1225000000000000
0.5000000000000000 0.1493734375000000
0.7500000000000000 0.1811386909173585
1.0000000000000000 0.2182205573098845
1.2500000000000000 0.2608706437291964
1.5000000000000000 0.3090749314715742
1.7500000000000000 0.3624618360234282
2.0000000000000000 0.4202326493859166
2.2500000000000000 0.4811419418299191
2.5000000000000000 0.5435530352404325
2.7500000000000000 0.6055788185207689
3.0000000000000000 0.6652920967907084
3.2500000000000000 0.7209617274753412
3.5000000000000000 0.7712557062231193
3.7500000000000000 0.8153607916834685
4.0000000000000000 0.8529976844506626
4.2500000000000000 0.8843458431437802
4.5000000000000000 0.9099154113583043
4.7500000000000000 0.9304077502410424
5.0000000000000000 0.9465950423741535
