0.0000000000000000 0.1000000000000000
0.1250000000000000 0.1112500000000000
0.2500000000000000 0.1236091796875000
0.3750000000000000 0.1371504234855604
0.5000000000000000 0.1519429465884719
0.6250000000000000 0.1680499825347825
0.7500000000000000 0.1855261307728877
0.8750000000000000 0.2044144039695539
1.0000000000000000 0.2247430483969696
1.1250000000000000 0.2465222497212455
1.2500000000000000 0.2697408784854481
1.3750000000000000 0.2943634706053664
1.5000000000000000 0.3203276728276827
1.6250000000000000 0.3475424046837432
1.7500000000000000 0.3758869898875413
1.8750000000000000 0.4052114849776444
2.0000000000000000 0.4353383771551265
2.1250000000000000 0.4660657364715098
2.2500000000000000 0.4971717946913573
2.3750000000000000 0.5284207948481988
2.5000000000000000 0.5595698271507233
2.6250000000000000 0.5903762566123775
2.7500000000000000 0.6206052731424692
2.8750000000000000 0.6500370691537479
3.0000000000000000 0.6784731788887172
3.1250000000000000 0.7057415944408866
3.2500000000000000 0.7317003939805019
3.3750000000000000 0.7562397599091618
3.5000000000000000 0.7792824080893738
3.6250000000000000 0.8007825751558488
3.7500000000000000 0.8207238054661758
3.8750000000000000 0.8391158355420877
4.0000000000000000 0.8559908918026616
4.1250000000000000 0.8713997024218548
4.2500000000000000 0.8854074850519746
4.3750000000000000 0.8980901188602136
4.5000000000000000 0.9095306510184462
4.6250000000000000 0.9198162317529972
4.7500000000000000 0.9290355231975864
4.8750000000000000 0.9372765881769081
5.0000000000000000 0.9446252363559535
