0.0000000000000000 0.1000000000000000
0.0625000000000000 0.1056250000000000
0.1250000000000000 0.1115292724609375
0.1875000000000000 0.1177224283262670
0.2500000000000000 0.1242139194634691
0.3125000000000000 0.1310129708181561
0.3750000000000000 0.1381285065866284
0.4375000000000000 0.1455690704775519
0.5000000000000000 0.1533427402399178
0.5625000000000000 0.1614570367558947
0.6250000000000000 0.1699188281332635
0.6875000000000000 0.1787342293819561
0.7500000000000000 0.1879084984212808
0.8125000000000000 0.1974459293364270
0.8750000000000000 0.2073497439817334
0.9375000000000000 0.2176219832100111
1.0000000000000000 0.2282633991871206
1.0625000000000000 0.2392733504232869
1.1250000000000000 0.2506497013108183
1.1875000000000000 0.2623887280947943
1.2500000000000000 0.2744850333112687
1.3125000000000000 0.2869314707987300
1.3750000000000000 0.2997190834152306
1.4375000000000000 0.3128370555684784
1.5000000000000000 0.3262726825829610
1.5625000000000000 0.3400113587819035
1.6250000000000000 0.3540365859494777
1.6875000000000000 0.3683300035593975
1.7500000000000000 0.3828714418117308
1.8125000000000000 0.3976389981152768
1.8750000000000000 0.4126091371960989
1.9375000000000000 0.4277568145147483
2.0000000000000000 0.4430556221491822
2.0625000000000000 0.4584779557636312
2.1250000000000000 0.4739952007537832
2.1875000000000000 0.4895779351547934
2.2500000000000000 0.5051961464400661
2.3125000000000000 0.5208194589439519
2.3750000000000000 0.5364173683270319
2.4375000000000000 0.5519594792822903
2.5000000000000000 0.5674157425643348
2.5625000000000000 0.5827566874177410
2.6250000000000000 0.5979536455857186
2.6875000000000000 0.6129789632929978
2.7500000000000000 0.6278061979088253
2.8125000000000000 0.6424102963948309
2.8750000000000000 0.6567677531123769
2.9375000000000000 0.6708567450863829
3.0000000000000000 0.6846572433775383
3.0625000000000000 0.6981510997818013
3.1250000000000000 0.7113221086352554
3.1875000000000000 0.7241560440353771
3.2500000000000000 0.7366406732805278
3.3125000000000000 0.7487657477648615
3.3750000000000000 0.7605229729360483
3.4375000000000000 0.7719059592218335
3.5000000000000000 0.7829101560555618
3.5625000000000000 0.7935327712806004
3.6250000000000000 0.8037726782921211
3.6875000000000000 0.8136303132873230
3.7500000000000000 0.8231075649490290
3.8125000000000000 0.8322076587910734
3.8750000000000000 0.8409350382561079
3.9375000000000000 0.8492952444866896
4.0000000000000000 0.8572947964978761
4.0625000000000000 0.8649410732725974
4.1250000000000000 0.8722421990875128
4.1875000000000000 0.8792069331636686
4.2500000000000000 0.8858445645287063
4.3125000000000000 0.8921648127801847
4.3750000000000000 0.8981777352562523
4.4375000000000000 0.9038936409528899
4.5000000000000000 0.9093230113777536
4.5625000000000000 0.9144764284000441
4.6250000000000000 0.9193645090438406
4.6875000000000000 0.9239978470784918
4.7500000000000000 0.9283869611830420
4.8125000000000000 0.9325422494010644
4.8750000000000000 0.9364739495562561
4.9375000000000000 0.9401921052661788
5.0000000000000000 0.9437065371700118
